#Calculations for Nd-LSCO at T = 30K:
# c = 0.43: B[T], rho(B)/rho(0); c = 1: K B[T], rho(B)/rho(0); c = 1.72 B[T], rho(B)/rho(0)
1.0000e+00	 1.0000e+00	 1.0000e+00	 1.0000e+00	 1.0000e+00	 1.0000e+00
2.0000e+00	 1.0003e+00	 2.0000e+00	 1.0001e+00	 3.0020e+00	 1.0004e+00
3.0000e+00	 1.0007e+00	 3.0000e+00	 1.0002e+00	 5.0040e+00	 1.0011e+00
4.0000e+00	 1.0014e+00	 4.0000e+00	 1.0003e+00	 7.0060e+00	 1.0022e+00
5.0000e+00	 1.0022e+00	 5.0000e+00	 1.0005e+00	 9.0080e+00	 1.0036e+00
6.0000e+00	 1.0032e+00	 6.0000e+00	 1.0008e+00	 1.1010e+01	 1.0053e+00
7.0000e+00	 1.0043e+00	 7.0000e+00	 1.0011e+00	 1.3012e+01	 1.0074e+00
8.0000e+00	 1.0056e+00	 8.0000e+00	 1.0014e+00	 1.5014e+01	 1.0097e+00
9.0000e+00	 1.0071e+00	 9.0000e+00	 1.0018e+00	 1.7016e+01	 1.0123e+00
1.0000e+01	 1.0088e+00	 1.0000e+01	 1.0022e+00	 1.9018e+01	 1.0152e+00
1.1000e+01	 1.0106e+00	 1.1000e+01	 1.0027e+00	 2.1020e+01	 1.0184e+00
1.2000e+01	 1.0125e+00	 1.2000e+01	 1.0032e+00	 2.3022e+01	 1.0217e+00
1.3000e+01	 1.0146e+00	 1.3000e+01	 1.0037e+00	 2.5024e+01	 1.0253e+00
1.4000e+01	 1.0168e+00	 1.4000e+01	 1.0043e+00	 2.7026e+01	 1.0291e+00
1.5000e+01	 1.0192e+00	 1.5000e+01	 1.0049e+00	 2.9028e+01	 1.0331e+00
1.6000e+01	 1.0217e+00	 1.6000e+01	 1.0056e+00	 3.1030e+01	 1.0373e+00
1.7000e+01	 1.0243e+00	 1.7000e+01	 1.0063e+00	 3.3032e+01	 1.0417e+00
1.8000e+01	 1.0271e+00	 1.8000e+01	 1.0070e+00	 3.5034e+01	 1.0462e+00
1.9000e+01	 1.0299e+00	 1.9000e+01	 1.0078e+00	 3.7036e+01	 1.0508e+00
2.0000e+01	 1.0329e+00	 2.0000e+01	 1.0086e+00	 3.9038e+01	 1.0556e+00
2.1000e+01	 1.0359e+00	 2.1000e+01	 1.0095e+00	 4.1040e+01	 1.0605e+00
2.2000e+01	 1.0391e+00	 2.2000e+01	 1.0103e+00	 4.3042e+01	 1.0655e+00
2.3000e+01	 1.0424e+00	 2.3000e+01	 1.0113e+00	 4.5044e+01	 1.0706e+00
2.4000e+01	 1.0457e+00	 2.4000e+01	 1.0122e+00	 4.7046e+01	 1.0758e+00
2.5000e+01	 1.0492e+00	 2.5000e+01	 1.0132e+00	 4.9048e+01	 1.0811e+00
2.6000e+01	 1.0527e+00	 2.6000e+01	 1.0142e+00	 5.1050e+01	 1.0865e+00
2.7000e+01	 1.0563e+00	 2.7000e+01	 1.0152e+00	 5.3052e+01	 1.0919e+00
2.8000e+01	 1.0599e+00	 2.8000e+01	 1.0163e+00	 5.5054e+01	 1.0975e+00
2.9000e+01	 1.0637e+00	 2.9000e+01	 1.0174e+00	 5.7056e+01	 1.1030e+00
3.0000e+01	 1.0675e+00	 3.0000e+01	 1.0186e+00	 5.9058e+01	 1.1087e+00
3.1000e+01	 1.0713e+00	 3.1000e+01	 1.0197e+00	 6.1060e+01	 1.1144e+00
3.2000e+01	 1.0752e+00	 3.2000e+01	 1.0209e+00	 6.3062e+01	 1.1201e+00
3.3000e+01	 1.0792e+00	 3.3000e+01	 1.0221e+00	 6.5064e+01	 1.1259e+00
3.4000e+01	 1.0832e+00	 3.4000e+01	 1.0234e+00	 6.7066e+01	 1.1318e+00
3.5000e+01	 1.0873e+00	 3.5000e+01	 1.0246e+00	 6.9068e+01	 1.1376e+00
3.6000e+01	 1.0914e+00	 3.6000e+01	 1.0259e+00	 7.1070e+01	 1.1435e+00
3.7000e+01	 1.0955e+00	 3.7000e+01	 1.0273e+00	 7.3072e+01	 1.1495e+00
3.8000e+01	 1.0997e+00	 3.8000e+01	 1.0286e+00	 7.5074e+01	 1.1554e+00
3.9000e+01	 1.1039e+00	 3.9000e+01	 1.0300e+00	 7.7076e+01	 1.1614e+00
4.0000e+01	 1.1082e+00	 4.0000e+01	 1.0314e+00	 7.9078e+01	 1.1675e+00
4.1000e+01	 1.1124e+00	 4.1000e+01	 1.0328e+00	 8.1080e+01	 1.1735e+00
4.2000e+01	 1.1167e+00	 4.2000e+01	 1.0342e+00	 8.3082e+01	 1.1795e+00
4.3000e+01	 1.1211e+00	 4.3000e+01	 1.0357e+00	 8.5084e+01	 1.1856e+00
4.4000e+01	 1.1254e+00	 4.4000e+01	 1.0372e+00	 8.7086e+01	 1.1917e+00
4.5000e+01	 1.1298e+00	 4.5000e+01	 1.0387e+00	 8.9088e+01	 1.1978e+00
4.6000e+01	 1.1342e+00	 4.6000e+01	 1.0402e+00	 9.1090e+01	 1.2039e+00
4.7000e+01	 1.1386e+00	 4.7000e+01	 1.0417e+00	 9.3092e+01	 1.2101e+00
4.8000e+01	 1.1430e+00	 4.8000e+01	 1.0433e+00	 9.5094e+01	 1.2162e+00
4.9000e+01	 1.1475e+00	 4.9000e+01	 1.0449e+00	 9.7096e+01	 1.2223e+00
5.0000e+01	 1.1519e+00	 5.0000e+01	 1.0464e+00	 9.9098e+01	 1.2285e+00
5.1000e+01	 1.1564e+00	 5.1000e+01	 1.0481e+00	 nan	 nan
5.2000e+01	 1.1609e+00	 5.2000e+01	 1.0497e+00	 nan	 nan
5.3000e+01	 1.1654e+00	 5.3000e+01	 1.0513e+00	 nan	 nan
5.4000e+01	 1.1699e+00	 5.4000e+01	 1.0530e+00	 nan	 nan
5.5000e+01	 1.1745e+00	 5.5000e+01	 1.0547e+00	 nan	 nan
5.6000e+01	 1.1790e+00	 5.6000e+01	 1.0564e+00	 nan	 nan
5.7000e+01	 1.1836e+00	 5.7000e+01	 1.0581e+00	 nan	 nan
5.8000e+01	 1.1881e+00	 5.8000e+01	 1.0598e+00	 nan	 nan
5.9000e+01	 1.1927e+00	 5.9000e+01	 1.0615e+00	 nan	 nan
6.0000e+01	 1.1973e+00	 6.0000e+01	 1.0633e+00	 nan	 nan
6.1000e+01	 1.2019e+00	 6.1000e+01	 1.0651e+00	 nan	 nan
6.2000e+01	 1.2065e+00	 6.2000e+01	 1.0668e+00	 nan	 nan
6.3000e+01	 1.2111e+00	 6.3000e+01	 1.0686e+00	 nan	 nan
6.4000e+01	 1.2157e+00	 6.4000e+01	 1.0704e+00	 nan	 nan
6.5000e+01	 1.2203e+00	 6.5000e+01	 1.0722e+00	 nan	 nan
6.6000e+01	 1.2249e+00	 6.6000e+01	 1.0741e+00	 nan	 nan
6.7000e+01	 1.2295e+00	 6.7000e+01	 1.0759e+00	 nan	 nan
6.8000e+01	 1.2341e+00	 6.8000e+01	 1.0777e+00	 nan	 nan
6.9000e+01	 1.2388e+00	 6.9000e+01	 1.0796e+00	 nan	 nan
7.0000e+01	 1.2434e+00	 7.0000e+01	 1.0815e+00	 nan	 nan
7.1000e+01	 1.2480e+00	 7.1000e+01	 1.0833e+00	 nan	 nan
7.2000e+01	 1.2527e+00	 7.2000e+01	 1.0852e+00	 nan	 nan
7.3000e+01	 1.2573e+00	 7.3000e+01	 1.0871e+00	 nan	 nan
7.4000e+01	 1.2619e+00	 7.4000e+01	 1.0890e+00	 nan	 nan
7.5000e+01	 1.2666e+00	 7.5000e+01	 1.0909e+00	 nan	 nan
7.6000e+01	 1.2712e+00	 7.6000e+01	 1.0929e+00	 nan	 nan
7.7000e+01	 1.2758e+00	 7.7000e+01	 1.0948e+00	 nan	 nan
7.8000e+01	 1.2805e+00	 7.8000e+01	 1.0967e+00	 nan	 nan
7.9000e+01	 1.2851e+00	 7.9000e+01	 1.0987e+00	 nan	 nan
8.0000e+01	 1.2898e+00	 8.0000e+01	 1.1006e+00	 nan	 nan
8.1000e+01	 1.2944e+00	 8.1000e+01	 1.1026e+00	 nan	 nan
8.2000e+01	 1.2991e+00	 8.2000e+01	 1.1046e+00	 nan	 nan
8.3000e+01	 1.3037e+00	 8.3000e+01	 1.1066e+00	 nan	 nan
8.4000e+01	 1.3084e+00	 8.4000e+01	 1.1085e+00	 nan	 nan
8.5000e+01	 1.3130e+00	 8.5000e+01	 1.1105e+00	 nan	 nan
8.6000e+01	 1.3176e+00	 8.6000e+01	 1.1125e+00	 nan	 nan
8.7000e+01	 1.3223e+00	 8.7000e+01	 1.1145e+00	 nan	 nan
8.8000e+01	 1.3269e+00	 8.8000e+01	 1.1165e+00	 nan	 nan
8.9000e+01	 1.3316e+00	 8.9000e+01	 1.1186e+00	 nan	 nan
9.0000e+01	 1.3362e+00	 9.0000e+01	 1.1206e+00	 nan	 nan
9.1000e+01	 1.3408e+00	 9.1000e+01	 1.1226e+00	 nan	 nan
9.2000e+01	 1.3455e+00	 9.2000e+01	 1.1246e+00	 nan	 nan
9.3000e+01	 1.3501e+00	 9.3000e+01	 1.1267e+00	 nan	 nan
9.4000e+01	 1.3547e+00	 9.4000e+01	 1.1287e+00	 nan	 nan
9.5000e+01	 1.3594e+00	 9.5000e+01	 1.1308e+00	 nan	 nan
9.6000e+01	 1.3640e+00	 9.6000e+01	 1.1328e+00	 nan	 nan
9.7000e+01	 1.3686e+00	 9.7000e+01	 1.1349e+00	 nan	 nan
9.8000e+01	 1.3733e+00	 9.8000e+01	 1.1369e+00	 nan	 nan
9.9000e+01	 1.3779e+00	 9.9000e+01	 1.1390e+00	 nan	 nan
1.0000e+02	 1.3825e+00	 1.0000e+02	 1.1411e+00	 nan	 nan
