#LSCO S1 T [K], LSCO S1 rho [micro Ohm cm], LSCO S2 T [K], LSCO S2 rho [micro Ohm cm], Nd-LSCO T [K], Nd-LSCO rho [micro Ohm cm]
2.000300e+00	 -2.116940e-03	 2.006600e+00	 -3.276410e-03	 5.325350e+00	 3.102195e+01
2.087000e+00	 4.288161e-03	 2.110050e+00	 1.720115e-03	 5.519550e+00	 3.134056e+01
2.247800e+00	 3.148270e-03	 2.118400e+00	 -1.105788e-03	 5.753550e+00	 3.165676e+01
2.443500e+00	 4.071039e-03	 2.324050e+00	 -3.358319e-03	 5.969150e+00	 3.187820e+01
2.631800e+00	 3.202551e-03	 2.552750e+00	 -4.095513e-04	 6.207550e+00	 3.210979e+01
2.848100e+00	 1.747833e-02	 2.777000e+00	 5.528940e-03	 6.416050e+00	 3.227252e+01
3.046200e+00	 2.008379e-02	 3.006300e+00	 2.825903e-03	 6.610900e+00	 3.241819e+01
3.249650e+00	 3.175411e-02	 3.188400e+00	 4.709838e-03	 6.856800e+00	 3.259183e+01
3.450350e+00	 4.337014e-02	 3.377950e+00	 2.911909e-02	 7.052800e+00	 3.271639e+01
3.645700e+00	 5.373772e-02	 3.605650e+00	 9.792366e-02	 7.267950e+00	 3.285590e+01
3.847650e+00	 8.082370e-02	 3.794350e+00	 2.498671e-01	 7.499200e+00	 3.299695e+01
4.048300e+00	 1.023731e-01	 4.007600e+00	 6.144497e-01	 7.697550e+00	 3.311230e+01
4.231550e+00	 1.269621e-01	 4.191200e+00	 1.089529e+00	 7.904050e+00	 3.323058e+01
4.445600e+00	 1.598561e-01	 4.386900e+00	 1.849246e+00	 8.115300e+00	 3.335478e+01
4.635050e+00	 2.055603e-01	 4.585450e+00	 2.826681e+00	 8.353950e+00	 3.349570e+01
4.842100e+00	 2.533272e-01	 4.787000e+00	 4.037355e+00	 8.549200e+00	 3.360402e+01
5.055450e+00	 3.361593e-01	 5.000850e+00	 5.557527e+00	 8.758450e+00	 3.372225e+01
5.251950e+00	 4.554679e-01	 5.182900e+00	 6.983542e+00	 8.952850e+00	 3.381930e+01
5.441150e+00	 6.446898e-01	 5.397400e+00	 8.846630e+00	 9.164350e+00	 3.394925e+01
5.645850e+00	 9.266228e-01	 5.581300e+00	 1.066565e+01	 9.364350e+00	 3.405469e+01
5.849650e+00	 1.360053e+00	 5.796400e+00	 1.317227e+01	 9.558150e+00	 3.415438e+01
6.038350e+00	 1.837233e+00	 5.995700e+00	 1.575998e+01	 9.755100e+00	 3.427133e+01
6.251300e+00	 2.564863e+00	 6.195050e+00	 1.863904e+01	 9.953900e+00	 3.438544e+01
6.430950e+00	 3.304870e+00	 6.394750e+00	 2.176605e+01	 1.015080e+01	 3.449240e+01
6.648350e+00	 4.281811e+00	 6.577800e+00	 2.473341e+01	 1.036730e+01	 3.460828e+01
6.836100e+00	 5.181782e+00	 6.796500e+00	 2.838108e+01	 1.054805e+01	 3.470986e+01
7.055700e+00	 6.263212e+00	 6.992600e+00	 3.147703e+01	 1.071915e+01	 3.480205e+01
7.237500e+00	 7.171434e+00	 7.201850e+00	 3.458155e+01	 1.093840e+01	 3.490695e+01
7.451450e+00	 8.194459e+00	 7.431950e+00	 3.772130e+01	 1.120235e+01	 3.506160e+01
7.644900e+00	 9.104255e+00	 7.651800e+00	 4.029013e+01	 1.139895e+01	 3.516241e+01
7.846050e+00	 1.000433e+01	 7.843600e+00	 4.222062e+01	 1.160515e+01	 3.527729e+01
8.036450e+00	 1.083656e+01	 8.042100e+00	 4.386334e+01	 1.179360e+01	 3.538302e+01
8.234700e+00	 1.165197e+01	 8.257150e+00	 4.538671e+01	 1.200240e+01	 3.549210e+01
8.438900e+00	 1.247019e+01	 8.447650e+00	 4.650768e+01	 1.221665e+01	 3.560229e+01
8.638950e+00	 1.319348e+01	 8.640650e+00	 4.747849e+01	 1.245960e+01	 3.572679e+01
8.836150e+00	 1.389185e+01	 8.851150e+00	 4.842606e+01	 1.265685e+01	 3.584015e+01
9.038300e+00	 1.452818e+01	 9.044500e+00	 4.911288e+01	 1.285050e+01	 3.594829e+01
9.246300e+00	 1.510258e+01	 9.248450e+00	 4.975731e+01	 1.303795e+01	 3.605356e+01
9.488850e+00	 1.569310e+01	 9.456500e+00	 5.032818e+01	 1.325110e+01	 3.616463e+01
9.694400e+00	 1.610161e+01	 9.642100e+00	 5.081174e+01	 1.345805e+01	 3.626995e+01
9.897650e+00	 1.643115e+01	 9.868100e+00	 5.131872e+01	 1.366435e+01	 3.638324e+01
1.009345e+01	 1.670917e+01	 1.005615e+01	 5.170219e+01	 1.390065e+01	 3.651572e+01
1.029635e+01	 1.696283e+01	 1.024960e+01	 5.207823e+01	 1.411565e+01	 3.663553e+01
1.054015e+01	 1.721192e+01	 1.044275e+01	 5.241563e+01	 1.431090e+01	 3.673951e+01
1.074915e+01	 1.741791e+01	 1.063915e+01	 5.273606e+01	 1.450785e+01	 3.684354e+01
1.094295e+01	 1.758873e+01	 1.084360e+01	 5.305600e+01	 1.469780e+01	 3.694429e+01
1.114245e+01	 1.774859e+01	 1.108475e+01	 5.339257e+01	 1.491895e+01	 3.706058e+01
1.134670e+01	 1.791556e+01	 1.128060e+01	 5.366382e+01	 1.514920e+01	 3.719206e+01
1.154250e+01	 1.805430e+01	 1.149840e+01	 5.393027e+01	 1.536255e+01	 3.730747e+01
1.174955e+01	 1.820992e+01	 1.169210e+01	 5.415925e+01	 1.556010e+01	 3.741256e+01
1.197485e+01	 1.838194e+01	 1.192595e+01	 5.442583e+01	 1.575635e+01	 3.752357e+01
1.220590e+01	 1.853626e+01	 1.214475e+01	 5.465943e+01	 1.594980e+01	 3.762537e+01
1.243970e+01	 1.871245e+01	 1.238165e+01	 5.490594e+01	 1.616555e+01	 3.772835e+01
1.267710e+01	 1.887893e+01	 1.258620e+01	 5.509225e+01	 1.640600e+01	 3.786417e+01
1.290255e+01	 1.904144e+01	 1.278780e+01	 5.529424e+01	 1.660445e+01	 3.797377e+01
1.310145e+01	 1.917704e+01	 1.303920e+01	 5.551658e+01	 1.681480e+01	 3.808614e+01
1.329310e+01	 1.930965e+01	 1.324030e+01	 5.569052e+01	 1.700925e+01	 3.819210e+01
1.349535e+01	 1.943932e+01	 1.346010e+01	 5.587085e+01	 1.720410e+01	 3.828283e+01
1.369150e+01	 1.957893e+01	 1.364700e+01	 5.601956e+01	 1.741725e+01	 3.840569e+01
1.389270e+01	 1.971848e+01	 1.384810e+01	 5.618493e+01	 1.764805e+01	 3.853429e+01
1.408755e+01	 1.984827e+01	 1.404745e+01	 5.633171e+01	 1.785150e+01	 3.863240e+01
1.429430e+01	 1.999195e+01	 1.424565e+01	 5.648046e+01	 1.804780e+01	 3.874423e+01
1.448995e+01	 2.011766e+01	 1.444235e+01	 5.662593e+01	 1.826595e+01	 3.884967e+01
1.469500e+01	 2.024588e+01	 1.464560e+01	 5.677096e+01	 1.850310e+01	 3.899399e+01
1.489215e+01	 2.037761e+01	 1.488370e+01	 5.694047e+01	 1.869870e+01	 3.908941e+01
1.509255e+01	 2.051000e+01	 1.510285e+01	 5.708996e+01	 1.891290e+01	 3.920264e+01
1.532350e+01	 2.065325e+01	 1.530245e+01	 5.722580e+01	 1.911740e+01	 3.931553e+01
1.555360e+01	 2.080149e+01	 1.553450e+01	 5.737062e+01	 1.931360e+01	 3.941928e+01
1.574675e+01	 2.092189e+01	 1.573960e+01	 5.750855e+01	 1.950085e+01	 3.952284e+01
1.594780e+01	 2.105140e+01	 1.593930e+01	 5.764088e+01	 1.970695e+01	 3.963056e+01
1.614740e+01	 2.116327e+01	 1.614330e+01	 5.776465e+01	 1.990355e+01	 3.973284e+01
1.634775e+01	 2.129523e+01	 1.634480e+01	 5.789166e+01	 2.010130e+01	 3.983793e+01
1.654730e+01	 2.141698e+01	 1.654990e+01	 5.802163e+01	 2.031965e+01	 3.996073e+01
1.675410e+01	 2.154258e+01	 1.678395e+01	 5.816658e+01	 2.050930e+01	 4.006822e+01
1.694790e+01	 2.166303e+01	 1.698400e+01	 5.828600e+01	 2.070945e+01	 4.016475e+01
1.714920e+01	 2.178353e+01	 1.718690e+01	 5.840438e+01	 2.089900e+01	 4.026837e+01
1.738545e+01	 2.192287e+01	 1.737945e+01	 5.851800e+01	 2.110765e+01	 4.037593e+01
1.759160e+01	 2.204082e+01	 1.760120e+01	 5.864148e+01	 2.130025e+01	 4.048025e+01
1.780525e+01	 2.217039e+01	 1.783075e+01	 5.877627e+01	 2.150370e+01	 4.058991e+01
1.803590e+01	 2.231109e+01	 1.804375e+01	 5.890474e+01	 2.171130e+01	 4.069624e+01
1.823830e+01	 2.243126e+01	 1.828000e+01	 5.903716e+01	 2.190980e+01	 4.080772e+01
1.843845e+01	 2.254357e+01	 1.847935e+01	 5.914973e+01	 2.210215e+01	 4.090712e+01
1.863190e+01	 2.266293e+01	 1.870370e+01	 5.927542e+01	 2.229440e+01	 4.101496e+01
1.884545e+01	 2.279006e+01	 1.889895e+01	 5.938498e+01	 2.250655e+01	 4.113125e+01
1.908055e+01	 2.292266e+01	 1.909900e+01	 5.949507e+01	 2.270590e+01	 4.123352e+01
1.930210e+01	 2.305060e+01	 1.929675e+01	 5.961130e+01	 2.290345e+01	 4.133932e+01
1.952965e+01	 2.318864e+01	 1.948725e+01	 5.972335e+01	 2.310030e+01	 4.144018e+01
1.974570e+01	 2.331110e+01	 1.969455e+01	 5.982862e+01	 2.331785e+01	 4.155876e+01
1.998990e+01	 2.345494e+01	 1.989465e+01	 5.993917e+01	 2.355335e+01	 4.168849e+01
2.020440e+01	 2.357295e+01	 2.009800e+01	 6.004972e+01	 2.375930e+01	 4.180126e+01
2.039655e+01	 2.368558e+01	 2.028655e+01	 6.015522e+01	 2.396105e+01	 4.190470e+01
2.058940e+01	 2.379685e+01	 2.048715e+01	 6.026281e+01	 2.414005e+01	 4.200053e+01
2.083730e+01	 2.394504e+01	 2.072810e+01	 6.039940e+01	 2.435040e+01	 4.210878e+01
2.104190e+01	 2.406331e+01	 2.094255e+01	 6.050583e+01	 2.454650e+01	 4.221445e+01
2.124005e+01	 2.417649e+01	 2.113645e+01	 6.060791e+01	 2.475305e+01	 4.232435e+01
2.144290e+01	 2.429113e+01	 2.137810e+01	 6.074172e+01	 2.494975e+01	 4.243384e+01
2.164150e+01	 2.440838e+01	 2.159745e+01	 6.085952e+01	 2.516400e+01	 4.254989e+01
2.183470e+01	 2.451982e+01	 2.179245e+01	 6.096067e+01	 2.536150e+01	 4.264689e+01
2.204205e+01	 2.463967e+01	 2.199040e+01	 6.106455e+01	 2.555640e+01	 4.275878e+01
2.228360e+01	 2.477868e+01	 2.219260e+01	 6.117562e+01	 2.575190e+01	 4.285907e+01
2.248930e+01	 2.488871e+01	 2.239490e+01	 6.128199e+01	 2.594925e+01	 4.296919e+01
2.273475e+01	 2.503602e+01	 2.259320e+01	 6.138453e+01	 2.614510e+01	 4.307235e+01
2.297720e+01	 2.517542e+01	 2.279585e+01	 6.149166e+01	 2.634935e+01	 4.318800e+01
2.319920e+01	 2.530183e+01	 2.298930e+01	 6.159467e+01	 2.654915e+01	 4.329138e+01
2.340010e+01	 2.541409e+01	 2.319235e+01	 6.170365e+01	 2.676915e+01	 4.340345e+01
2.359490e+01	 2.552281e+01	 2.339740e+01	 6.181275e+01	 2.699980e+01	 4.352607e+01
2.379715e+01	 2.564114e+01	 2.363045e+01	 6.193199e+01	 2.721640e+01	 4.364957e+01
2.403205e+01	 2.578102e+01	 2.388035e+01	 6.206197e+01	 2.746455e+01	 4.378246e+01
2.423315e+01	 2.589056e+01	 2.410405e+01	 6.218250e+01	 2.765820e+01	 4.387300e+01
2.448155e+01	 2.602952e+01	 2.429905e+01	 6.228226e+01	 2.786125e+01	 4.398877e+01
2.469510e+01	 2.615257e+01	 2.448945e+01	 6.238335e+01	 2.805465e+01	 4.408483e+01
2.493600e+01	 2.628773e+01	 2.469425e+01	 6.248700e+01	 2.824795e+01	 4.419989e+01
2.513855e+01	 2.639808e+01	 2.492880e+01	 6.261245e+01	 2.846085e+01	 4.431618e+01
2.534635e+01	 2.652407e+01	 2.514825e+01	 6.272665e+01	 2.865310e+01	 4.441247e+01
2.554185e+01	 2.663230e+01	 2.538180e+01	 6.284346e+01	 2.885945e+01	 4.453363e+01
2.578390e+01	 2.677126e+01	 2.558360e+01	 6.295314e+01	 2.905905e+01	 4.462975e+01
2.600325e+01	 2.689095e+01	 2.579285e+01	 6.307019e+01	 2.926130e+01	 4.473753e+01
2.619265e+01	 2.700944e+01	 2.599350e+01	 6.316722e+01	 2.945830e+01	 4.484549e+01
2.642795e+01	 2.713635e+01	 2.623060e+01	 6.329610e+01	 2.964930e+01	 4.495627e+01
2.664660e+01	 2.725897e+01	 2.643455e+01	 6.340253e+01	 2.984950e+01	 4.505415e+01
2.684035e+01	 2.736314e+01	 2.663285e+01	 6.350240e+01	 3.004915e+01	 4.517178e+01
2.703675e+01	 2.747333e+01	 2.684250e+01	 6.361388e+01	 3.024935e+01	 4.527541e+01
2.723870e+01	 2.759378e+01	 2.708225e+01	 6.374235e+01	 3.044925e+01	 4.537933e+01
2.747560e+01	 2.772036e+01	 2.732320e+01	 6.386635e+01	 3.066020e+01	 4.549567e+01
2.773575e+01	 2.786751e+01	 2.754635e+01	 6.397847e+01	 3.086075e+01	 4.560164e+01
2.794335e+01	 2.798834e+01	 2.775375e+01	 6.408536e+01	 3.105045e+01	 4.570456e+01
2.815245e+01	 2.810667e+01	 2.794485e+01	 6.418819e+01	 3.125030e+01	 4.580947e+01
2.834475e+01	 2.820975e+01	 2.814965e+01	 6.429567e+01	 3.144835e+01	 4.592371e+01
2.854580e+01	 2.832406e+01	 2.834470e+01	 6.439549e+01	 3.165265e+01	 4.602803e+01
2.874350e+01	 2.843865e+01	 2.858645e+01	 6.452459e+01	 3.185340e+01	 4.613260e+01
2.898365e+01	 2.857625e+01	 2.879230e+01	 6.462836e+01	 3.205345e+01	 4.624560e+01
2.923565e+01	 2.871489e+01	 2.899580e+01	 6.473786e+01	 3.224680e+01	 4.634454e+01
2.944690e+01	 2.882931e+01	 2.919280e+01	 6.483901e+01	 3.246080e+01	 4.646234e+01
2.964420e+01	 2.894189e+01	 2.939345e+01	 6.494469e+01	 3.265665e+01	 4.656978e+01
2.984870e+01	 2.906358e+01	 2.959405e+01	 6.504636e+01	 3.285115e+01	 4.667405e+01
3.008520e+01	 2.919147e+01	 2.979375e+01	 6.515297e+01	 3.306410e+01	 4.678495e+01
3.032175e+01	 2.932147e+01	 2.999500e+01	 6.526241e+01	 3.325450e+01	 4.689138e+01
3.054600e+01	 2.945191e+01	 3.019540e+01	 6.536733e+01	 3.345895e+01	 4.700509e+01
3.073870e+01	 2.956057e+01	 3.038510e+01	 6.546089e+01	 3.365670e+01	 4.710197e+01
3.093825e+01	 2.967332e+01	 3.060105e+01	 6.557509e+01	 3.385880e+01	 4.721362e+01
3.113840e+01	 2.978345e+01	 3.083435e+01	 6.569985e+01	 3.406030e+01	 4.732769e+01
3.134315e+01	 2.989511e+01	 3.104955e+01	 6.581399e+01	 3.425340e+01	 4.742698e+01
3.157980e+01	 3.003504e+01	 3.124280e+01	 6.591190e+01	 3.444680e+01	 4.753506e+01
3.183535e+01	 3.017672e+01	 3.148275e+01	 6.604298e+01	 3.466240e+01	 4.765105e+01
3.203880e+01	 3.028761e+01	 3.168955e+01	 6.615120e+01	 3.486370e+01	 4.775878e+01
3.223540e+01	 3.039796e+01	 3.189040e+01	 6.625154e+01	 3.505475e+01	 4.785824e+01
3.244425e+01	 3.051494e+01	 3.213105e+01	 6.638326e+01	 3.526450e+01	 4.797277e+01
3.264485e+01	 3.063066e+01	 3.235585e+01	 6.649862e+01	 3.545470e+01	 4.807938e+01
3.288100e+01	 3.076577e+01	 3.253885e+01	 6.659554e+01	 3.564870e+01	 4.818342e+01
3.309965e+01	 3.088909e+01	 3.273560e+01	 6.670006e+01	 3.585615e+01	 4.829760e+01
3.328540e+01	 3.098859e+01	 3.294185e+01	 6.680771e+01	 3.605190e+01	 4.840010e+01
3.348255e+01	 3.110154e+01	 3.314225e+01	 6.691402e+01	 3.626430e+01	 4.851358e+01
3.369280e+01	 3.121895e+01	 3.334610e+01	 6.701946e+01	 3.645995e+01	 4.862189e+01
3.389775e+01	 3.133501e+01	 3.354275e+01	 6.712665e+01	 3.664700e+01	 4.872557e+01
3.409370e+01	 3.144134e+01	 3.374305e+01	 6.723273e+01	 3.685915e+01	 4.884362e+01
3.429065e+01	 3.154876e+01	 3.394265e+01	 6.734165e+01	 3.705585e+01	 4.895487e+01
3.449400e+01	 3.166639e+01	 3.414115e+01	 6.744263e+01	 3.725265e+01	 4.905608e+01
3.473350e+01	 3.180437e+01	 3.434625e+01	 6.754784e+01	 3.745165e+01	 4.916598e+01
3.493800e+01	 3.191635e+01	 3.455040e+01	 6.765851e+01	 3.766145e+01	 4.927653e+01
3.513815e+01	 3.202708e+01	 3.474745e+01	 6.776453e+01	 3.785695e+01	 4.937980e+01
3.534540e+01	 3.213695e+01	 3.494520e+01	 6.786464e+01	 3.806130e+01	 4.949303e+01
3.554145e+01	 3.224947e+01	 3.518035e+01	 6.799566e+01	 3.824955e+01	 4.959162e+01
3.573385e+01	 3.235917e+01	 3.538960e+01	 6.810517e+01	 3.845165e+01	 4.971119e+01
3.594945e+01	 3.247799e+01	 3.558700e+01	 6.821374e+01	 3.866545e+01	 4.982848e+01
3.614600e+01	 3.259860e+01	 3.578885e+01	 6.831675e+01	 3.885165e+01	 4.992970e+01
3.635280e+01	 3.270440e+01	 3.599940e+01	 6.842741e+01	 3.906750e+01	 5.004289e+01
3.654130e+01	 3.281100e+01	 3.620000e+01	 6.853529e+01	 3.931625e+01	 5.018240e+01
3.673425e+01	 3.291576e+01	 3.639460e+01	 6.863871e+01	 3.951600e+01	 5.028661e+01
3.693600e+01	 3.303030e+01	 3.659345e+01	 6.874578e+01	 3.970910e+01	 5.039427e+01
3.714560e+01	 3.314320e+01	 3.683070e+01	 6.887697e+01	 3.990955e+01	 5.050581e+01
3.738140e+01	 3.328536e+01	 3.703870e+01	 6.898566e+01	 4.010550e+01	 5.060768e+01
3.759465e+01	 3.340738e+01	 3.724255e+01	 6.909540e+01	 4.030355e+01	 5.071939e+01
3.779980e+01	 3.351811e+01	 3.747930e+01	 6.921813e+01	 4.050135e+01	 5.083087e+01
3.799765e+01	 3.363091e+01	 3.770000e+01	 6.933680e+01	 4.071640e+01	 5.094622e+01
3.818995e+01	 3.373600e+01	 3.793335e+01	 6.946300e+01	 4.095265e+01	 5.107225e+01
3.839330e+01	 3.385552e+01	 3.814800e+01	 6.958086e+01	 4.115190e+01	 5.118285e+01
3.859510e+01	 3.396756e+01	 3.834310e+01	 6.968277e+01	 4.137205e+01	 5.130606e+01
3.878885e+01	 3.407737e+01	 3.855065e+01	 6.979610e+01	 4.160630e+01	 5.142974e+01
3.902540e+01	 3.420808e+01	 3.874150e+01	 6.990056e+01	 4.180125e+01	 5.153775e+01
3.922915e+01	 3.432717e+01	 3.893890e+01	 7.000026e+01	 4.200940e+01	 5.164813e+01
3.947580e+01	 3.445983e+01	 3.914240e+01	 7.011800e+01	 4.219620e+01	 5.175556e+01
3.968355e+01	 3.457572e+01	 3.934610e+01	 7.022501e+01	 4.240920e+01	 5.187168e+01
3.989740e+01	 3.469426e+01	 3.954285e+01	 7.033254e+01	 4.260385e+01	 5.197770e+01
4.009960e+01	 3.481504e+01	 3.974945e+01	 7.044135e+01	 4.280210e+01	 5.208631e+01
4.029930e+01	 3.492159e+01	 3.998645e+01	 7.057220e+01	 4.301360e+01	 5.220277e+01
4.053695e+01	 3.505550e+01	 4.018805e+01	 7.067950e+01	 4.320840e+01	 5.231484e+01
4.073535e+01	 3.516498e+01	 4.043175e+01	 7.081197e+01	 4.340290e+01	 5.241699e+01
4.097260e+01	 3.529526e+01	 4.063475e+01	 7.091573e+01	 4.362285e+01	 5.253886e+01
4.119005e+01	 3.542770e+01	 4.085680e+01	 7.104687e+01	 4.385075e+01	 5.266589e+01
4.139245e+01	 3.553865e+01	 4.103900e+01	 7.113642e+01	 4.406495e+01	 5.278036e+01
4.158815e+01	 3.564238e+01	 4.128520e+01	 7.127452e+01	 4.425630e+01	 5.288375e+01
4.178765e+01	 3.575626e+01	 4.148810e+01	 7.138901e+01	 4.445415e+01	 5.299001e+01
4.198995e+01	 3.587302e+01	 4.169220e+01	 7.149347e+01	 4.465070e+01	 5.309979e+01
4.219205e+01	 3.598202e+01	 4.190230e+01	 7.160848e+01	 4.484980e+01	 5.321209e+01
4.239605e+01	 3.609709e+01	 4.208985e+01	 7.171648e+01	 4.505555e+01	 5.332450e+01
4.259430e+01	 3.621238e+01	 4.229050e+01	 7.182123e+01	 4.525275e+01	 5.343347e+01
4.283055e+01	 3.634130e+01	 4.249865e+01	 7.193641e+01	 4.545365e+01	 5.354664e+01
4.305475e+01	 3.646538e+01	 4.273180e+01	 7.206361e+01	 4.565145e+01	 5.365015e+01
4.328585e+01	 3.659359e+01	 4.294080e+01	 7.217392e+01	 4.584765e+01	 5.376234e+01
4.348620e+01	 3.671089e+01	 4.314380e+01	 7.228830e+01	 4.605925e+01	 5.387241e+01
4.373730e+01	 3.684654e+01	 4.334220e+01	 7.239705e+01	 4.625190e+01	 5.397633e+01
4.395465e+01	 3.696531e+01	 4.354140e+01	 7.250638e+01	 4.645560e+01	 5.408886e+01
4.414285e+01	 3.707805e+01	 4.373740e+01	 7.261206e+01	 4.665500e+01	 5.420627e+01
4.433870e+01	 3.719041e+01	 4.394015e+01	 7.272127e+01	 4.687090e+01	 5.432449e+01
4.453425e+01	 3.730006e+01	 4.414400e+01	 7.283054e+01	 4.710990e+01	 5.445298e+01
4.474060e+01	 3.741942e+01	 4.438310e+01	 7.296475e+01	 4.730365e+01	 5.455883e+01
4.498665e+01	 3.754969e+01	 4.459900e+01	 7.307785e+01	 4.750355e+01	 5.467559e+01
4.518665e+01	 3.765890e+01	 4.480460e+01	 7.319751e+01	 4.770360e+01	 5.478490e+01
4.538980e+01	 3.777653e+01	 4.498990e+01	 7.330040e+01	 4.789920e+01	 5.488454e+01
4.563540e+01	 3.791701e+01	 4.518855e+01	 7.340938e+01	 4.811420e+01	 5.500370e+01
4.584010e+01	 3.803545e+01	 4.543175e+01	 7.354046e+01	 4.831060e+01	 5.511353e+01
4.607040e+01	 3.815769e+01	 4.563060e+01	 7.364608e+01	 4.851050e+01	 5.522414e+01
4.629675e+01	 3.828384e+01	 4.583450e+01	 7.376051e+01	 4.870350e+01	 5.533140e+01
4.653640e+01	 3.842274e+01	 4.603175e+01	 7.387199e+01	 4.889875e+01	 5.544141e+01
4.674160e+01	 3.853201e+01	 4.623990e+01	 7.398057e+01	 4.909310e+01	 5.554105e+01
4.694015e+01	 3.865208e+01	 4.644330e+01	 7.409749e+01	 4.929665e+01	 5.565922e+01
4.714410e+01	 3.876064e+01	 4.663875e+01	 7.420433e+01	 4.949390e+01	 5.576437e+01
4.734660e+01	 3.888011e+01	 4.684745e+01	 7.431476e+01	 4.971435e+01	 5.588746e+01
4.753520e+01	 3.897895e+01	 4.704405e+01	 7.442560e+01	 4.990510e+01	 5.599331e+01
4.774430e+01	 3.910103e+01	 4.723935e+01	 7.453331e+01	 5.010635e+01	 5.610907e+01
4.794085e+01	 3.920096e+01	 4.743805e+01	 7.464322e+01	 5.029610e+01	 5.620801e+01
4.814180e+01	 3.931978e+01	 4.763340e+01	 7.475162e+01	 5.050415e+01	 5.632817e+01
4.834080e+01	 3.944088e+01	 4.783775e+01	 7.486733e+01	 5.070775e+01	 5.644287e+01
4.854055e+01	 3.954656e+01	 4.803620e+01	 7.497648e+01	 5.090530e+01	 5.654626e+01
4.873600e+01	 3.966256e+01	 4.823805e+01	 7.508193e+01	 5.109400e+01	 5.665463e+01
4.893955e+01	 3.976564e+01	 4.844080e+01	 7.519375e+01	 5.131055e+01	 5.677379e+01
4.914090e+01	 3.988392e+01	 4.863720e+01	 7.530668e+01	 5.151150e+01	 5.689407e+01
4.934410e+01	 3.999856e+01	 4.883930e+01	 7.542227e+01	 5.170590e+01	 5.699822e+01
4.954820e+01	 4.011390e+01	 4.904570e+01	 7.553166e+01	 5.190185e+01	 5.710437e+01
4.974945e+01	 4.022920e+01	 4.925475e+01	 7.564644e+01	 5.210185e+01	 5.722054e+01
4.994760e+01	 4.033716e+01	 4.944990e+01	 7.575392e+01	 5.229900e+01	 5.732961e+01
5.014290e+01	 4.044387e+01	 4.964460e+01	 7.587102e+01	 5.250095e+01	 5.743670e+01
5.034540e+01	 4.055982e+01	 4.988440e+01	 7.599821e+01	 5.270860e+01	 5.755592e+01
5.058405e+01	 4.069606e+01	 5.009405e+01	 7.611062e+01	 5.290930e+01	 5.766277e+01
5.079705e+01	 4.081532e+01	 5.028665e+01	 7.622424e+01	 5.310495e+01	 5.778487e+01
5.103330e+01	 4.094836e+01	 5.048840e+01	 7.633560e+01	 5.329970e+01	 5.788391e+01
5.125675e+01	 4.107592e+01	 5.073400e+01	 7.647265e+01	 5.351720e+01	 5.799967e+01
5.144855e+01	 4.117677e+01	 5.094380e+01	 7.658436e+01	 5.370870e+01	 5.811268e+01
5.164610e+01	 4.129646e+01	 5.114935e+01	 7.670604e+01	 5.390625e+01	 5.821830e+01
5.184920e+01	 4.141240e+01	 5.134005e+01	 7.681271e+01	 5.410820e+01	 5.833647e+01
5.204010e+01	 4.152281e+01	 5.154355e+01	 7.692111e+01	 5.430640e+01	 5.844495e+01
5.223145e+01	 4.162383e+01	 5.174210e+01	 7.703479e+01	 5.451750e+01	 5.856535e+01
5.244735e+01	 4.174525e+01	 5.194540e+01	 7.715253e+01	 5.471255e+01	 5.866991e+01
5.264290e+01	 4.185294e+01	 5.214080e+01	 7.725919e+01	 5.495195e+01	 5.880955e+01
5.284250e+01	 4.197502e+01	 5.238495e+01	 7.739514e+01	 5.516570e+01	 5.892173e+01
5.308765e+01	 4.211197e+01	 5.258450e+01	 7.750801e+01	 5.536235e+01	 5.903298e+01
5.329055e+01	 4.222091e+01	 5.280085e+01	 7.762540e+01	 5.555920e+01	 5.913906e+01
5.349150e+01	 4.233446e+01	 5.299645e+01	 7.773665e+01	 5.575185e+01	 5.924685e+01
5.368970e+01	 4.244743e+01	 5.329160e+01	 7.790258e+01	 5.596550e+01	 5.937352e+01
5.393090e+01	 4.258503e+01	 5.349140e+01	 7.801226e+01	 5.615890e+01	 5.948160e+01
5.414670e+01	 4.270802e+01	 5.368505e+01	 7.812438e+01	 5.635830e+01	 5.959097e+01
5.438580e+01	 4.283862e+01	 5.389570e+01	 7.824293e+01	 5.655290e+01	 5.970345e+01
5.458685e+01	 4.296141e+01	 5.409095e+01	 7.834878e+01	 5.675550e+01	 5.981281e+01
5.478585e+01	 4.307643e+01	 5.428500e+01	 7.845915e+01	 5.695870e+01	 5.992887e+01
5.502235e+01	 4.320208e+01	 5.453435e+01	 7.860050e+01	 5.715860e+01	 6.004129e+01
5.528395e+01	 4.335412e+01	 5.475440e+01	 7.872125e+01	 5.735495e+01	 6.014209e+01
5.550770e+01	 4.347034e+01	 5.494620e+01	 7.882850e+01	 5.755895e+01	 6.026501e+01
5.572785e+01	 4.360392e+01	 5.517880e+01	 7.896039e+01	 5.775845e+01	 6.037584e+01
5.594220e+01	 4.371737e+01	 5.540660e+01	 7.909037e+01	 5.795550e+01	 6.048990e+01
5.614030e+01	 4.383549e+01	 5.559370e+01	 7.919065e+01	 5.815845e+01	 6.060491e+01
5.637780e+01	 4.396440e+01	 5.578990e+01	 7.930404e+01	 5.836140e+01	 6.070742e+01
5.659975e+01	 4.409701e+01	 5.599090e+01	 7.941522e+01	 5.855580e+01	 6.082113e+01
5.679920e+01	 4.420144e+01	 5.622810e+01	 7.955651e+01	 5.874865e+01	 6.093519e+01
5.703040e+01	 4.433248e+01	 5.648270e+01	 7.969652e+01	 5.896085e+01	 6.104520e+01
5.725140e+01	 4.445472e+01	 5.669175e+01	 7.981432e+01	 5.916145e+01	 6.116284e+01
5.745035e+01	 4.456892e+01	 5.688845e+01	 7.992574e+01	 5.934995e+01	 6.126505e+01
5.764790e+01	 4.468807e+01	 5.712765e+01	 8.005989e+01	 5.955890e+01	 6.138486e+01
5.784820e+01	 4.480114e+01	 5.733440e+01	 8.017427e+01	 5.976225e+01	 6.149241e+01
5.805060e+01	 4.491431e+01	 5.755575e+01	 8.029711e+01	 5.996315e+01	 6.160713e+01
5.828185e+01	 4.504990e+01	 5.777815e+01	 8.042930e+01	 6.020130e+01	 6.174342e+01
5.848525e+01	 4.515483e+01	 5.799735e+01	 8.055568e+01	 6.040275e+01	 6.185466e+01
5.872965e+01	 4.529520e+01	 5.819680e+01	 8.066211e+01	 6.059890e+01	 6.196790e+01
5.898395e+01	 4.544338e+01	 5.843790e+01	 8.079841e+01	 6.081270e+01	 6.208795e+01
5.920025e+01	 4.556676e+01	 5.864090e+01	 8.091528e+01	 6.101455e+01	 6.220089e+01
5.939520e+01	 4.567163e+01	 5.883680e+01	 8.102536e+01	 6.120110e+01	 6.230610e+01
5.963285e+01	 4.581184e+01	 5.903355e+01	 8.113550e+01	 6.139690e+01	 6.241171e+01
5.984930e+01	 4.592708e+01	 5.923400e+01	 8.125400e+01	 6.161585e+01	 6.253733e+01
6.005575e+01	 4.604541e+01	 5.943930e+01	 8.136948e+01	 6.181535e+01	 6.265268e+01
6.024750e+01	 4.615744e+01	 5.965580e+01	 8.149110e+01	 6.205495e+01	 6.278304e+01
6.044290e+01	 4.627236e+01	 5.984210e+01	 8.159312e+01	 6.226115e+01	 6.289986e+01
6.064800e+01	 4.638320e+01	 6.004405e+01	 8.171197e+01	 6.245695e+01	 6.301750e+01
6.084455e+01	 4.649040e+01	 6.024470e+01	 8.182495e+01	 6.265705e+01	 6.313261e+01
6.103880e+01	 4.660743e+01	 6.044265e+01	 8.194257e+01	 6.285095e+01	 6.323360e+01
6.125310e+01	 4.672761e+01	 6.063790e+01	 8.205225e+01	 6.305145e+01	 6.334784e+01
6.148530e+01	 4.685875e+01	 6.088435e+01	 8.218890e+01	 6.326415e+01	 6.346565e+01
6.169930e+01	 4.697648e+01	 6.107990e+01	 8.229707e+01	 6.344995e+01	 6.357015e+01
6.189875e+01	 4.708906e+01	 6.129360e+01	 8.242426e+01	 6.366580e+01	 6.369019e+01
6.209965e+01	 4.720576e+01	 6.148535e+01	 8.253441e+01	 6.386340e+01	 6.380925e+01
6.229925e+01	 4.732181e+01	 6.170320e+01	 8.265244e+01	 6.405690e+01	 6.392266e+01
6.249865e+01	 4.742739e+01	 6.190190e+01	 8.276368e+01	 6.425680e+01	 6.403074e+01
6.269435e+01	 4.754431e+01	 6.209860e+01	 8.287695e+01	 6.445090e+01	 6.414345e+01
6.289910e+01	 4.765564e+01	 6.230035e+01	 8.298889e+01	 6.465415e+01	 6.424983e+01
6.312750e+01	 4.779384e+01	 6.250450e+01	 8.311417e+01	 6.485670e+01	 6.436875e+01
6.338775e+01	 4.794354e+01	 6.270055e+01	 8.321852e+01	 6.505610e+01	 6.447930e+01
6.359145e+01	 4.805281e+01	 6.290265e+01	 8.333805e+01	 6.524960e+01	 6.458897e+01
6.379320e+01	 4.816414e+01	 6.309295e+01	 8.344402e+01	 6.545750e+01	 6.471013e+01
6.399030e+01	 4.827818e+01	 6.329820e+01	 8.356135e+01	 6.566710e+01	 6.482788e+01
6.419160e+01	 4.839402e+01	 6.349475e+01	 8.367474e+01	 6.590250e+01	 6.496007e+01
6.440130e+01	 4.850849e+01	 6.373205e+01	 8.380930e+01	 6.611875e+01	 6.508193e+01
6.459985e+01	 4.862987e+01	 6.395135e+01	 8.393540e+01	 6.634920e+01	 6.521018e+01
6.479800e+01	 4.873854e+01	 6.413710e+01	 8.404061e+01	 6.656615e+01	 6.533614e+01
6.500070e+01	 4.885361e+01	 6.435170e+01	 8.416194e+01	 6.675900e+01	 6.543783e+01
6.519510e+01	 4.896098e+01	 6.453745e+01	 8.427539e+01	 6.695265e+01	 6.556045e+01
6.543260e+01	 4.910498e+01	 6.475280e+01	 8.439493e+01	 6.715515e+01	 6.566478e+01
6.564100e+01	 4.921306e+01	 6.494575e+01	 8.450246e+01	 6.736695e+01	 6.578154e+01
6.584910e+01	 4.932792e+01	 6.518255e+01	 8.463441e+01	 6.755305e+01	 6.590135e+01
6.608300e+01	 4.946221e+01	 6.539105e+01	 8.475911e+01	 6.775520e+01	 6.601089e+01
6.630015e+01	 4.957994e+01	 6.559015e+01	 8.486966e+01	 6.795150e+01	 6.612648e+01
6.649800e+01	 4.970533e+01	 6.578805e+01	 8.498241e+01	 6.814295e+01	 6.622418e+01
6.669785e+01	 4.981259e+01	 6.598430e+01	 8.509859e+01	 6.836350e+01	 6.635390e+01
6.689720e+01	 4.993151e+01	 6.618525e+01	 8.521151e+01	 6.855980e+01	 6.645963e+01
6.709450e+01	 5.004083e+01	 6.638915e+01	 8.532653e+01	 6.874775e+01	 6.657411e+01
6.728950e+01	 5.015216e+01	 6.659415e+01	 8.544577e+01	 6.896190e+01	 6.669444e+01
6.749145e+01	 5.025953e+01	 6.680235e+01	 8.556479e+01	 6.915650e+01	 6.680580e+01
6.769335e+01	 5.038210e+01	 6.699740e+01	 8.567795e+01	 6.936310e+01	 6.692203e+01
6.789060e+01	 5.049652e+01	 6.720750e+01	 8.579679e+01	 6.955980e+01	 6.703181e+01
6.809115e+01	 5.061089e+01	 6.740115e+01	 8.591076e+01	 6.975480e+01	 6.714229e+01
6.829165e+01	 5.072558e+01	 6.763410e+01	 8.604022e+01	 6.995355e+01	 6.725654e+01
6.848635e+01	 5.083241e+01	 6.785035e+01	 8.616521e+01	 7.014800e+01	 6.737094e+01
6.873025e+01	 5.097538e+01	 6.804340e+01	 8.627889e+01	 7.036265e+01	 6.749163e+01
6.893420e+01	 5.108655e+01	 6.824500e+01	 8.639454e+01	 7.055975e+01	 6.760553e+01
6.915075e+01	 5.120461e+01	 6.848495e+01	 8.653246e+01	 7.076170e+01	 6.772457e+01
6.934790e+01	 5.132012e+01	 6.868020e+01	 8.665142e+01	 7.094905e+01	 6.782292e+01
6.954580e+01	 5.143590e+01	 6.888770e+01	 8.676330e+01	 7.114365e+01	 6.793135e+01
6.974690e+01	 5.155260e+01	 6.909680e+01	 8.688116e+01	 7.136765e+01	 6.806329e+01
6.998210e+01	 5.168537e+01	 6.933475e+01	 8.701908e+01	 7.156700e+01	 6.816716e+01
7.019180e+01	 5.180039e+01	 6.954145e+01	 8.714262e+01	 7.180795e+01	 6.831570e+01
7.039910e+01	 5.192318e+01	 6.974085e+01	 8.725595e+01	 7.201950e+01	 6.843298e+01
7.060030e+01	 5.203298e+01	 6.998370e+01	 8.739869e+01	 7.225450e+01	 6.856212e+01
7.080380e+01	 5.214692e+01	 7.022385e+01	 8.753296e+01	 7.245135e+01	 6.867254e+01
7.099790e+01	 5.226134e+01	 7.043065e+01	 8.765244e+01	 7.264625e+01	 6.878889e+01
7.123725e+01	 5.240258e+01	 7.067795e+01	 8.778938e+01	 7.284260e+01	 6.890975e+01
7.144655e+01	 5.252178e+01	 7.089875e+01	 8.792046e+01	 7.306030e+01	 6.902317e+01
7.164585e+01	 5.263224e+01	 7.110010e+01	 8.803559e+01	 7.326420e+01	 6.913782e+01
7.185005e+01	 5.274639e+01	 7.128980e+01	 8.814666e+01	 7.345790e+01	 6.925177e+01
7.209005e+01	 5.288530e+01	 7.148490e+01	 8.825709e+01	 7.365225e+01	 6.936442e+01
7.229545e+01	 5.300135e+01	 7.169005e+01	 8.837599e+01	 7.384480e+01	 6.946663e+01
7.249020e+01	 5.311783e+01	 7.188555e+01	 8.848793e+01	 7.404965e+01	 6.959489e+01
7.269960e+01	 5.323117e+01	 7.209020e+01	 8.860904e+01	 7.425295e+01	 6.970079e+01
7.290100e+01	 5.334424e+01	 7.229930e+01	 8.872243e+01	 7.445130e+01	 6.981468e+01
7.309695e+01	 5.345687e+01	 7.249180e+01	 8.883715e+01	 7.465485e+01	 6.994071e+01
7.329630e+01	 5.357265e+01	 7.272810e+01	 8.898105e+01	 7.486180e+01	 7.006034e+01
7.349925e+01	 5.368696e+01	 7.294285e+01	 8.910070e+01	 7.504940e+01	 7.016847e+01
7.370050e+01	 5.380513e+01	 7.314405e+01	 8.921722e+01	 7.526465e+01	 7.029174e+01
7.389695e+01	 5.390620e+01	 7.335240e+01	 8.933804e+01	 7.545960e+01	 7.040140e+01
7.409185e+01	 5.402801e+01	 7.354580e+01	 8.944841e+01	 7.565330e+01	 7.051224e+01
7.429355e+01	 5.413521e+01	 7.378150e+01	 8.958349e+01	 7.586845e+01	 7.063774e+01
7.449445e+01	 5.425843e+01	 7.398705e+01	 8.970692e+01	 7.610260e+01	 7.077444e+01
7.469670e+01	 5.437481e+01	 7.420400e+01	 8.982779e+01	 7.630040e+01	 7.088328e+01
7.490020e+01	 5.449249e+01	 7.440030e+01	 8.994489e+01	 7.651215e+01	 7.100907e+01
7.509620e+01	 5.460219e+01	 7.459315e+01	 9.005985e+01	 7.670950e+01	 7.112483e+01
7.529610e+01	 5.471276e+01	 7.478875e+01	 9.017121e+01	 7.690785e+01	 7.124083e+01
7.549530e+01	 5.482572e+01	 7.498215e+01	 9.028442e+01	 7.710930e+01	 7.135231e+01
7.569595e+01	 5.493792e+01	 7.519770e+01	 9.040506e+01	 7.730305e+01	 7.146895e+01
7.589715e+01	 5.505858e+01	 7.539885e+01	 9.052837e+01	 7.750540e+01	 7.158167e+01
7.613165e+01	 5.519341e+01	 7.563210e+01	 9.065731e+01	 7.771300e+01	 7.170054e+01
7.633825e+01	 5.531598e+01	 7.583995e+01	 9.078015e+01	 7.791455e+01	 7.181513e+01
7.658360e+01	 5.544685e+01	 7.604195e+01	 9.089209e+01	 7.816560e+01	 7.196256e+01
7.679260e+01	 5.557023e+01	 7.624305e+01	 9.101830e+01	 7.835960e+01	 7.207715e+01
7.702675e+01	 5.570115e+01	 7.648395e+01	 9.115210e+01	 7.855310e+01	 7.218557e+01
7.724725e+01	 5.583191e+01	 7.669790e+01	 9.127709e+01	 7.875105e+01	 7.229764e+01
7.745325e+01	 5.594162e+01	 7.689105e+01	 9.139228e+01	 7.894315e+01	 7.240484e+01
7.764685e+01	 5.605669e+01	 7.713655e+01	 9.153200e+01	 7.916230e+01	 7.253720e+01
7.784605e+01	 5.616992e+01	 7.734340e+01	 9.165479e+01	 7.935825e+01	 7.265994e+01
7.807985e+01	 5.630757e+01	 7.754585e+01	 9.177479e+01	 7.955905e+01	 7.276820e+01
7.828800e+01	 5.643101e+01	 7.778385e+01	 9.190605e+01	 7.974725e+01	 7.287011e+01
7.848780e+01	 5.653050e+01	 7.799390e+01	 9.203353e+01	 7.995055e+01	 7.299333e+01
7.872820e+01	 5.668482e+01	 7.822990e+01	 9.216763e+01	 8.016085e+01	 7.312000e+01
7.893710e+01	 5.679995e+01	 7.843905e+01	 9.229349e+01	 8.036510e+01	 7.323963e+01
7.914460e+01	 5.691742e+01	 7.864970e+01	 9.241204e+01	 8.056670e+01	 7.335322e+01
7.934190e+01	 5.702761e+01	 7.885040e+01	 9.253181e+01	 8.080895e+01	 7.349332e+01
7.954490e+01	 5.713959e+01	 7.905320e+01	 9.264473e+01	 8.101145e+01	 7.361712e+01
7.973925e+01	 5.725743e+01	 7.924355e+01	 9.276114e+01	 8.121855e+01	 7.373563e+01
7.998480e+01	 5.739639e+01	 7.944365e+01	 9.287569e+01	 8.145895e+01	 7.388014e+01
8.017965e+01	 5.750490e+01	 7.964125e+01	 9.299488e+01	 8.166090e+01	 7.399894e+01
8.039215e+01	 5.763289e+01	 7.983690e+01	 9.310398e+01	 8.186180e+01	 7.410539e+01
8.059400e+01	 5.774682e+01	 8.004560e+01	 9.322636e+01	 8.206560e+01	 7.422273e+01
8.083070e+01	 5.788253e+01	 8.024395e+01	 9.334613e+01	 8.226735e+01	 7.434612e+01
8.104545e+01	 5.800922e+01	 8.044460e+01	 9.345807e+01	 8.251265e+01	 7.449114e+01
8.124015e+01	 5.811745e+01	 8.068330e+01	 9.360284e+01	 8.271025e+01	 7.461018e+01
8.144965e+01	 5.824018e+01	 8.093195e+01	 9.374482e+01	 8.290255e+01	 7.471457e+01
8.168365e+01	 5.836790e+01	 8.115045e+01	 9.386668e+01	 8.311610e+01	 7.484294e+01
8.188145e+01	 5.849872e+01	 8.138925e+01	 9.400901e+01	 8.331720e+01	 7.496621e+01
8.213375e+01	 5.862964e+01	 8.158700e+01	 9.412623e+01	 8.355390e+01	 7.510443e+01
8.234225e+01	 5.875660e+01	 8.179035e+01	 9.424698e+01	 8.375830e+01	 7.522160e+01
8.254190e+01	 5.887070e+01	 8.199185e+01	 9.436530e+01	 8.395905e+01	 7.534258e+01
8.273830e+01	 5.898290e+01	 8.223290e+01	 9.450363e+01	 8.415170e+01	 7.545811e+01
8.297345e+01	 5.911947e+01	 8.244130e+01	 9.462659e+01	 8.435595e+01	 7.556836e+01
8.321675e+01	 5.925891e+01	 8.268270e+01	 9.477217e+01	 8.456060e+01	 7.569398e+01
8.343805e+01	 5.938837e+01	 8.292755e+01	 9.491166e+01	 8.475810e+01	 7.581349e+01
8.368065e+01	 5.952923e+01	 8.313375e+01	 9.503393e+01	 8.496245e+01	 7.593441e+01
8.388920e+01	 5.964615e+01	 8.337365e+01	 9.518090e+01	 8.516305e+01	 7.605006e+01
8.413860e+01	 5.979190e+01	 8.359185e+01	 9.530798e+01	 8.537200e+01	 7.617743e+01
8.434675e+01	 5.991881e+01	 8.378425e+01	 9.541905e+01	 8.571775e+01	 7.637687e+01
8.453885e+01	 6.002199e+01	 8.399155e+01	 9.554613e+01	 8.590215e+01	 7.649017e+01
8.473560e+01	 6.013571e+01	 8.422755e+01	 9.568132e+01	 8.610605e+01	 7.661462e+01
8.494855e+01	 6.026653e+01	 8.446945e+01	 9.582569e+01	 8.631130e+01	 7.673454e+01
8.513660e+01	 6.037845e+01	 8.468810e+01	 9.595555e+01	 8.651235e+01	 7.686567e+01
8.533890e+01	 6.049478e+01	 8.489330e+01	 9.607375e+01	 8.671655e+01	 7.698407e+01
8.558955e+01	 6.064106e+01	 8.512955e+01	 9.621852e+01	 8.696085e+01	 7.712464e+01
8.583250e+01	 6.078577e+01	 8.533660e+01	 9.634658e+01	 8.715735e+01	 7.724808e+01
8.608080e+01	 6.093347e+01	 8.558745e+01	 9.649164e+01	 8.736765e+01	 7.736795e+01
8.628480e+01	 6.105289e+01	 8.578480e+01	 9.661031e+01	 8.759470e+01	 7.751597e+01
8.649410e+01	 6.117735e+01	 8.598685e+01	 9.672764e+01	 8.780600e+01	 7.765003e+01
8.668835e+01	 6.128515e+01	 8.619445e+01	 9.685310e+01	 8.801085e+01	 7.776755e+01
8.688730e+01	 6.140766e+01	 8.639445e+01	 9.697014e+01	 8.820870e+01	 7.788419e+01
8.713670e+01	 6.155693e+01	 8.658940e+01	 9.709235e+01	 8.841770e+01	 7.801168e+01
8.738245e+01	 6.169866e+01	 8.678685e+01	 9.720574e+01	 8.860170e+01	 7.812492e+01
8.759115e+01	 6.182552e+01	 8.698745e+01	 9.732458e+01	 8.881210e+01	 7.825147e+01
8.783260e+01	 6.196279e+01	 8.719100e+01	 9.744893e+01	 8.901860e+01	 7.838647e+01
8.804065e+01	 6.208975e+01	 8.739570e+01	 9.756992e+01	 8.926065e+01	 7.853132e+01
8.824575e+01	 6.220765e+01	 8.759515e+01	 9.769166e+01	 8.946160e+01	 7.865371e+01
8.848415e+01	 6.235344e+01	 8.779430e+01	 9.781706e+01	 8.966305e+01	 7.877169e+01
8.873535e+01	 6.250033e+01	 8.803445e+01	 9.796009e+01	 8.986685e+01	 7.890869e+01
8.897360e+01	 6.264222e+01	 8.827735e+01	 9.810340e+01	 9.011215e+01	 7.904943e+01
8.922775e+01	 6.279459e+01	 8.848730e+01	 9.823182e+01	 9.031055e+01	 7.917335e+01
8.943680e+01	 6.291688e+01	 8.869455e+01	 9.835373e+01	 9.051845e+01	 7.930453e+01
8.963590e+01	 6.303662e+01	 8.889650e+01	 9.848220e+01	 9.075940e+01	 7.944216e+01
8.983725e+01	 6.315447e+01	 8.912955e+01	 9.861670e+01	 9.095810e+01	 7.957024e+01
9.003930e+01	 6.327166e+01	 8.933950e+01	 9.874686e+01	 9.116135e+01	 7.969492e+01
9.024350e+01	 6.339846e+01	 8.958030e+01	 9.889742e+01	 9.136170e+01	 7.982135e+01
9.044635e+01	 6.352032e+01	 8.979530e+01	 9.902659e+01	 9.156590e+01	 7.994985e+01
9.068390e+01	 6.366340e+01	 8.999480e+01	 9.914027e+01	 9.181250e+01	 8.010103e+01
9.092980e+01	 6.380567e+01	 9.019305e+01	 9.927123e+01	 9.200095e+01	 8.022289e+01
9.118350e+01	 6.395728e+01	 9.039180e+01	 9.938555e+01	 9.220085e+01	 8.033918e+01
9.138935e+01	 6.407827e+01	 9.059045e+01	 9.950724e+01	 9.239995e+01	 8.046414e+01
9.159275e+01	 6.419464e+01	 9.079075e+01	 9.963043e+01	 9.262220e+01	 8.060255e+01
9.178835e+01	 6.431900e+01	 9.099025e+01	 9.975374e+01	 9.286140e+01	 8.074458e+01
9.203610e+01	 6.446729e+01	 9.119310e+01	 9.987194e+01	 9.306770e+01	 8.087301e+01
9.228155e+01	 6.461434e+01	 9.139505e+01	 9.999971e+01	 9.330690e+01	 8.101880e+01
9.248610e+01	 6.473186e+01	 9.159280e+01	 1.001201e+02	 9.351600e+01	 8.114869e+01
9.273105e+01	 6.488536e+01	 9.179360e+01	 1.002421e+02	 9.375775e+01	 8.129900e+01
9.293890e+01	 6.500603e+01	 9.199615e+01	 1.003611e+02	 9.395145e+01	 8.141880e+01
9.317805e+01	 6.515182e+01	 9.219480e+01	 1.004872e+02	 9.415920e+01	 8.154600e+01
9.343790e+01	 6.530294e+01	 9.238670e+01	 1.006031e+02	 9.435865e+01	 8.166569e+01
9.363730e+01	 6.542019e+01	 9.259220e+01	 1.007266e+02	 9.455615e+01	 8.178520e+01
9.388860e+01	 6.556708e+01	 9.279120e+01	 1.008511e+02	 9.476450e+01	 8.190947e+01
9.409735e+01	 6.569279e+01	 9.303630e+01	 1.009999e+02	 9.500140e+01	 8.205567e+01
9.429575e+01	 6.581758e+01	 9.324050e+01	 1.011227e+02	 9.520615e+01	 8.218515e+01
9.453290e+01	 6.595985e+01	 9.344345e+01	 1.012421e+02	 9.539955e+01	 8.229757e+01
9.474630e+01	 6.608274e+01	 9.363865e+01	 1.013590e+02	 9.560265e+01	 8.242507e+01
9.497745e+01	 6.621155e+01	 9.388275e+01	 1.015091e+02	 9.580900e+01	 8.255138e+01
9.522680e+01	 6.635995e+01	 9.413050e+01	 1.016632e+02	 9.600615e+01	 8.267723e+01
9.547280e+01	 6.650906e+01	 9.438125e+01	 1.018064e+02	 9.620620e+01	 8.280067e+01
9.570340e+01	 6.665002e+01	 9.463190e+01	 1.019620e+02	 9.640590e+01	 8.291603e+01
9.590270e+01	 6.676059e+01	 9.488000e+01	 1.021136e+02	 9.660875e+01	 8.304000e+01
9.613055e+01	 6.690297e+01	 9.509290e+01	 1.022432e+02	 9.680840e+01	 8.316491e+01
9.634795e+01	 6.702999e+01	 9.528965e+01	 1.023621e+02	 9.700525e+01	 8.328431e+01
9.654185e+01	 6.714739e+01	 9.552985e+01	 1.025148e+02	 9.720465e+01	 8.339351e+01
9.674980e+01	 6.726942e+01	 9.578790e+01	 1.026712e+02	 9.741190e+01	 8.352556e+01
9.697860e+01	 6.739714e+01	 9.599250e+01	 1.027895e+02	 9.759810e+01	 8.364185e+01
9.723295e+01	 6.755016e+01	 9.623685e+01	 1.029337e+02	 9.780045e+01	 8.376131e+01
9.743925e+01	 6.767343e+01	 9.643905e+01	 1.030539e+02	 9.801035e+01	 8.388886e+01
9.768415e+01	 6.781754e+01	 9.668225e+01	 1.032003e+02	 9.822095e+01	 8.401712e+01
9.789925e+01	 6.794586e+01	 9.688660e+01	 1.033275e+02	 9.845805e+01	 8.416419e+01
9.813010e+01	 6.808363e+01	 9.712150e+01	 1.034663e+02	 9.866155e+01	 8.428365e+01
9.837830e+01	 6.823654e+01	 9.733565e+01	 1.035998e+02	 9.886315e+01	 8.440575e+01
9.858515e+01	 6.834917e+01	 9.754070e+01	 1.037253e+02	 9.911315e+01	 8.455663e+01
9.883395e+01	 6.849551e+01	 9.774830e+01	 1.038476e+02	 9.935915e+01	 8.470213e+01
9.908350e+01	 6.865037e+01	 9.794720e+01	 1.039644e+02	 9.956045e+01	 8.482510e+01
9.929160e+01	 6.876718e+01	 9.815300e+01	 1.040896e+02	 9.976080e+01	 8.495406e+01
9.949560e+01	 6.888720e+01	 9.834720e+01	 1.042062e+02	 9.995805e+01	 8.506466e+01
9.970580e+01	 6.901606e+01	 9.853945e+01	 1.043272e+02	 nan	 nan
9.989625e+01	 6.913173e+01	 9.874810e+01	 1.044479e+02	 nan	 nan
nan	 nan	 9.894900e+01	 1.045690e+02	 nan	 nan
nan	 nan	 9.914920e+01	 1.046887e+02	 nan	 nan
nan	 nan	 9.934480e+01	 1.048084e+02	 nan	 nan
nan	 nan	 9.958200e+01	 1.049553e+02	 nan	 nan
nan	 nan	 9.979390e+01	 1.050814e+02	 nan	 nan
nan	 nan	 9.999305e+01	 1.051986e+02	 nan	 nan
